VERTICES 100

0 10.76666850 106.67179510
1 10.76619230 106.66979100
2 10.76746503 106.67423560
3 10.76781440 106.67153850
4 10.77385850 106.67784555
5 10.77716250 106.66454700
6 10.77761060 106.66512960
7 10.77626713 106.66357477
8 10.77898150 106.68607280
9 10.77789910 106.68724340
10 10.77111925 106.69866754
11 10.76811244 106.69545014
12 10.76959800 106.67580570
13 10.77673884 106.68381582
14 10.77785590 106.68488720
15 10.77360060 106.68957499
16 10.77126890 106.67374290
17 10.77058920 106.67671060
18 10.77361860 106.69447940
19 10.77591480 106.69159390
20 10.77208240 106.69232740
21 10.77594630 106.68698660
22 10.77711390 106.68809440
23 10.77526565 106.68637185
24 10.77679660 106.68614950
25 10.77680180 106.69992270
26 10.77777600 106.69887230
27 10.77780604 106.68168737
28 10.77720570 106.68277020
29 10.77466380 106.69956940
30 10.77679910 106.69798310
31 10.77913840 106.69737820
32 10.77336705 106.70010771
33 10.76801860 106.68664240
34 10.76749480 106.68643667
35 10.76999160 106.68859770
36 10.76803530 106.68894560
37 10.76680578 106.68842276
38 10.76830925 106.68937650
39 10.77076325 106.68950010
40 10.77364310 106.68760510
41 10.77156890 106.68566970
42 10.77428675 106.68821950
43 10.77273400 106.68857755
44 10.77126395 106.68720230
45 10.77466215 106.68750505
46 10.77501940 106.68682970
47 10.76707855 106.67638270
48 10.77818480 106.69176720
49 10.77914010 106.69072640
50 10.77693840 106.69061890
51 10.77255315 106.69100788
52 10.76829771 106.68441155
53 10.76904860 106.68327740
54 10.77289740 106.68481130
55 10.77041720 106.68640930
56 10.77575320 106.68956840
57 10.77790860 106.68955650
58 10.77482350 106.69057455
59 10.77838660 106.68396330
60 10.77698160 106.68318540
61 10.77587630 106.68523625
62 10.77209980 106.69600400
63 10.77278700 106.69542840
64 10.77126730 106.69475540
65 10.77005610 106.68212310
66 10.77582080 106.69904610
67 10.76655462 106.69409920
68 10.77901110 106.68834680
69 10.77365090 106.67163260
70 10.77091097 106.67306340
71 10.77509070 106.67192800
72 10.77013147 106.69414706
73 10.76610310 106.68225700
74 10.76786680 106.68006430
75 10.76948638 106.67049760
76 10.76814575 106.66803796
77 10.76735108 106.66635667
78 10.76790935 106.66949205
79 10.76642256 106.67876803
80 10.77790195 106.66550485
81 10.77128485 106.69339829
82 10.76754410 106.69048280
83 10.76922260 106.69469035
84 10.76859010 106.68980200
85 10.77595255 106.68278855
86 10.76980620 106.69616200
87 10.77008285 106.69713142
88 10.77221400 106.69887030
89 10.77114600 106.69658595
90 10.77157700 106.69793800
91 10.77273610 106.67901500
92 10.76788920 106.68558550
93 10.76724215 106.69459565
94 10.76659250 106.69900560
95 10.76863472 106.66901628
96 10.77819530 106.69648780
97 10.77844910 106.69395660
98 10.77353912 106.66135933
99 10.77221078 106.69757865

EDGES

0 1 225.28
0 2 295.07
0 3 129.84
2 12 291.90
2 70 419.92
2 3 328.09
2 47 249.34
3 75 289.20
3 78 233.16
12 16 292.30
12 17 148.07
70 75 324.16
70 16 86.03
70 69 343.09
47 79 284.52
75 80 1113.49
75 76 329.24
75 77 761.11
78 76 168.30
7 5 149.98
7 77 1078.19
7 98 387.00
4 27 624.33
4 70 621.76
4 71 682.88
4 91 178.67
27 28 135.79
27 85 246.29
71 69 164.43
91 65 451.76
91 85 544.93
5 6 80.83
6 80 61.22
77 76 204.12
8 9 175.60
9 24 171.19
9 68 172.67
9 22 127.53
24 61 142.62
24 21 131.60
24 14 181.35
22 21 177.48
10 89 264.79
10 87 217.33
89 72 289.42
89 64 214.44
89 90 156.98
89 62 131.83
87 86 116.57
11 93 136.93
11 83 152.28
93 67 96.69
83 72 123.23
83 86 173.42
16 4 532.99
17 74 475.31
17 91 347.44
13 14 171.92
13 60 75.51
13 61 215.32
14 8 180.10
14 59 116.91
60 28 51.75
61 23 148.14
59 28 185.01
15 42 171.32
15 58 179.72
15 43 159.56
15 51 222.54
42 40 100.00
42 45 99.61
58 19 172.31
43 44 230.96
51 81 311.38
51 39 268.38
32 88 217.90
74 79 214.48
74 65 331.45
74 73 309.60
18 19 414.77
18 20 290.59
19 50 165.62
20 51 171.36
50 56 174.79
50 57 158.45
21 23 100.94
23 46 63.76
46 45 90.40
46 54 322.26
25 26 157.80
26 30 145.72
26 31 222.70
30 66 159.12
30 18 523.97
31 96 143.03
85 54 411.20
85 13 143.53
29 62 485.03
29 32 155.07
62 63 98.96
62 64 164.88
66 25 145.15
66 29 140.94
96 30 225.40
88 10 147.97
33 34 88.36
33 35 306.31
34 92 104.57
34 37 236.21
35 84 203.48
35 44 207.69
92 52 136.99
37 36 154.01
37 82 239.71
84 82 137.75
84 38 90.68
84 81 518.75
44 55 134.66
36 38 67.61
82 83 496.24
40 41 312.90
41 53 383.25
41 54 175.03
41 55 150.93
53 65 168.67
53 52 152.04
54 65 431.42
55 52 327.22
48 49 155.59
48 50 186.93
49 57 187.30
57 68 180.25
56 58 150.62
56 42 219.37
81 39 448.19
81 89 349.76
81 72 156.35
81 20 150.79
81 63 282.51
52 73 339.80
63 18 138.91
63 66 521.82
64 81 156.73
72 84 519.30
76 95 119.93
95 75 187.49
90 10 113.04
90 99 80.37
